-7.314 -7.870 0 -10.228 -7.534 0 -11.237 -8.318 0 -12.469 -10.783 0 -12.133 -15.266 0 -9.332 -19.076 0 -7.539 -21.765 0 -6.306 -26.136 0 -7.090 -30.058 0 -9.107 -33.179 0
-4.513 3.897 0 -5.970 5.690 0 -7.651 8.827 0 -8.659 11.629 0 -9.332 14.767 0 -9.444 19.585 0 -8.435 24.292 0 -6.306 28.438 0 -4.065 31.576 0 -0.431 34.415 0
-7.651 -6.189 0 -9.444 -5.180 0 -12.693 -4.844 0 -15.271 -6.077 0 -16.728 -8.430 0 -17.288 -12.352 0 -16.952 -16.835 0 -15.383 -20.869 0 -15.943 -24.343 0 -18.633 -26.360 0 -22.667 -25.912 0
-8.211 -2.939 0 -11.013 -1.146 0 -14.711 -0.698 0 -18.857 -2.155 0 -21.546 -5.405 0 -23.451 -9.887 0 -25.805 -14.257 0 -30.459 -15.917 0
-5.384 2.901 0 -7.905 4.935 0 -11.739 7.565 0 -16.287 11.977 0 -18.882 17.655 0 -18.708 24.469 0 -16.574 30.192 0
-7.539 -0.362 0 -10.676 2.216 0 -13.926 3.336 0 -18.297 4.009 0 -24.012 4.009 0 -29.391 2.440 0 -34.359 -1.141 0
-6.754 1.319 0 -9.668 3.560 0 -13.030 6.026 0 -17.064 7.483 0 -20.650 10.172 0 -23.227 12.637 0 -25.917 15.887 0 -28.580 19.089 0
7.314 -7.870 0 10.228 -7.534 0 11.237 -8.318 0 12.469 -10.783 0 12.133 -15.266 0 9.332 -19.076 0 7.539 -21.765 0 6.306 -26.136 0 7.090 -30.058 0 9.107 -33.179 0
4.513 3.897 0 5.970 5.690 0 7.651 8.827 0 8.659 11.629 0 9.332 14.767 0 9.444 19.585 0 8.435 24.292 0 6.306 28.438 0 4.065 31.576 0 0.431 34.415 0
7.651 -6.189 0 9.444 -5.180 0 12.693 -4.844 0 15.271 -6.077 0 16.728 -8.430 0 17.288 -12.352 0 16.952 -16.835 0 15.383 -20.869 0 15.943 -24.343 0 18.633 -26.360 0 22.667 -25.912 0
8.211 -2.939 0 11.013 -1.146 0 14.711 -0.698 0 18.857 -2.155 0 21.546 -5.405 0 23.451 -9.887 0 25.805 -14.257 0 30.459 -15.917 0
5.384 2.901 0 7.905 4.935 0 11.739 7.565 0 16.287 11.977 0 18.882 17.655 0 18.708 24.469 0 16.574 30.192 0
7.539 -0.362 0 10.676 2.216 0 13.926 3.336 0 18.297 4.009 0 24.012 4.009 0 29.391 2.440 0 34.359 -1.141 0
6.754 1.319 0 9.668 3.560 0 13.030 6.026 0 17.064 7.483 0 20.650 10.172 0 23.227 12.637 0 25.917 15.887 0 28.580 19.089 0
